54
113
0 12
0 50
1 9
1 10
1 26
1 44
2 19
2 25
2 26
2 37
2 44
2 45
3 4
3 33
3 34
3 46
4 12
4 34
4 38
5 17
5 30
5 33
5 37
5 46
5 53
6 20
6 35
6 41
7 21
7 47
8 21
8 39
9 10
9 40
9 48
10 28
10 42
10 44
11 12
13 15
13 24
13 25
13 30
13 43
13 51
14 27
14 34
14 38
14 46
14 50
14 53
15 16
15 18
15 25
15 51
16 18
16 23
16 36
17 25
17 30
17 37
18 25
18 36
18 44
18 47
18 52
19 26
19 45
20 31
20 35
20 41
20 49
21 39
21 47
21 52
22 31
23 36
23 51
24 29
24 43
24 51
25 30
25 37
25 44
26 44
27 29
27 43
27 53
28 42
28 44
28 47
29 43
30 43
30 53
31 49
32 35
32 39
33 37
33 45
34 38
34 46
35 39
35 49
36 39
36 52
37 45
38 50
39 52
40 48
43 53
44 47
46 53
47 52