55
106
2 10
2 11
2 27
2 45
3 20
3 26
3 27
3 38
3 45
3 46
4 5
4 34
4 35
4 47
5 35
5 39
6 18
6 31
6 34
6 38
6 47
6 54
7 21
7 36
7 42
8 22
8 48
9 22
9 40
10 11
11 29
11 43
11 45
14 16
14 25
14 26
14 31
14 44
14 52
15 28
15 35
15 39
15 47
15 51
15 54
16 17
16 19
16 26
16 52
17 19
17 24
17 37
18 26
18 31
18 38
19 26
19 37
19 45
19 48
19 53
20 27
20 46
21 32
21 36
21 42
21 50
22 40
22 48
22 53
23 32
24 37
24 52
25 30
25 44
25 52
26 31
26 38
26 45
27 45
28 30
28 44
28 54
29 43
29 45
29 48
30 44
31 44
31 54
32 50
33 36
33 40
34 38
34 46
35 39
35 47
36 40
36 50
37 40
37 53
38 46
39 51
40 53
44 54
45 48
47 54
48 53